%YAML:1.0
image_width: 800
image_height: 600
camera_matrix: !!opencv-matrix
   rows: 3
   cols: 3
   dt: d
   data: [ 678.4444452795627300, 0., 400.9542110792059500, 0.,
       672.5226059881484800, 302.9384939707322200, 0., 0., 1. ]
distortion_coefficients: !!opencv-matrix
   rows: 1
   cols: 4
   dt: d
   data: [ 0.0685865518624902, -0.1421631093239407,
       -6.8401039517116357e-004, 1.2707867792382255e-003 ]
